2.9490 -125.1599
6.7011 -122.0748
12.7861 -115.1719
17.0563 -107.5887
19.3872 -99.5460
19.6980 -95.4161
19.6535 -91.2930
17.8390 -83.3300
14.0532 -75.9016
8.4064 -69.2243
4.8489 -66.2797
1.0339 -63.5338
-7.6171 -59.1753
-17.2412 -56.2532
-27.5580 -54.8528
-32.8998 -54.8184
-38.2505 -55.0583
-48.6705 -56.8574
-58.4952 -60.1533
-67.4384 -64.8501
-71.4354 -67.7461
-75.1875 -70.8312
-81.2725 -77.7340
-85.5427 -85.3173
-87.8736 -93.3599
-88.1844 -97.4899
-88.1399 -101.6130
-86.3254 -109.5760
-82.5396 -117.0043
-76.8928 -123.6817
-73.3353 -126.6262
-69.5203 -129.3721
-60.8693 -133.7306
-51.2452 -136.6527
-40.9284 -138.0532
-35.5866 -138.0875
-30.2359 -137.8477
-19.8159 -136.0486
-9.9912 -132.7526
-1.0480 -128.0559
2.9490 -125.1599
