0	0
0.002	4.22641e-11
0.004	8.24663e-10
0.006	5.30686e-09
0.008	2.08844e-08
0.01	6.15988e-08
0.012	1.50338e-07
0.014	3.21021e-07
0.016	6.20774e-07
0.018	1.11207e-06
0.02	1.87485e-06
0.022	3.00864e-06
0.024	4.63456e-06
0.026	6.89736e-06
0.028	9.96741e-06
0.03	1.40426e-05
0.032	1.935e-05
0.034	2.6148e-05
0.036	3.47276e-05
0.038	4.54144e-05
0.04	5.85696e-05
0.042	7.45919e-05
0.044	9.39185e-05
0.046	0.000117026
0.048	0.000144432
0.05	0.000176695
0.052	0.000214417
0.054	0.00025824
0.056	0.000308852
0.058	0.000366981
0.06	0.0004334
0.062	0.000508923
0.064	0.000594408
0.066	0.000690751
0.068	0.000798891
0.07	0.000919803
0.072	0.0010545
0.074	0.00120403
0.076	0.00136948
0.078	0.00155196
0.08	0.00175261
0.082	0.00197259
0.084	0.00221309
0.086	0.00247532
0.088	0.0027605
0.09	0.00306986
0.092	0.00340464
0.094	0.00376607
0.096	0.0041554
0.098	0.00457385
0.1	0.00502265
0.102	0.00550299
0.104	0.00601605
0.106	0.00656298
0.108	0.0071449
0.11	0.00776288
0.112	0.00841796
0.114	0.00911112
0.116	0.00984329
0.118	0.0106153
0.12	0.0114281
0.122	0.0122822
0.124	0.0131783
0.126	0.0141171
0.128	0.015099
0.13	0.0161244
0.132	0.0171936
0.134	0.0183068
0.136	0.0194641
0.138	0.0206654
0.14	0.0219108
0.142	0.0231998
0.144	0.0245323
0.146	0.0259077
0.148	0.0273254
0.15	0.0287849
0.152	0.0302852
0.154	0.0318254
0.156	0.0334046
0.158	0.0350216
0.16	0.0366751
0.162	0.0383638
0.164	0.0400861
0.166	0.0418405
0.168	0.0436253
0.17	0.0454388
0.172	0.0472791
0.174	0.0491443
0.176	0.0510322
0.178	0.0529409
0.18	0.0548681
0.182	0.0568117
0.184	0.0587694
0.186	0.0607387
0.188	0.0627175
0.19	0.0647032
0.192	0.0666935
0.194	0.0686859
0.196	0.070678
0.198	0.0726673
0.2	0.0746515
0.202	0.0766282
0.204	0.0785948
0.206	0.0805491
0.208	0.0824888
0.21	0.0844117
0.212	0.0863154
0.214	0.0881978
0.216	0.0900569
0.218	0.0918907
0.22	0.0936972
0.222	0.0954746
0.224	0.0972211
0.226	0.0989352
0.228	0.100615
0.23	0.10226
0.232	0.103867
0.234	0.105437
0.236	0.106967
0.238	0.108457
0.24	0.109907
0.242	0.111314
0.244	0.112678
0.246	0.114
0.248	0.115278
0.25	0.116513
0.252	0.117703
0.254	0.118849
0.256	0.119951
0.258	0.12101
0.26	0.122024
0.262	0.122995
0.264	0.123923
0.266	0.124809
0.268	0.125653
0.27	0.126455
0.272	0.127217
0.274	0.127939
0.276	0.128623
0.278	0.129269
0.28	0.129878
0.282	0.130451
0.284	0.130989
0.286	0.131494
0.288	0.131966
0.29	0.132407
0.292	0.132818
0.294	0.1332
0.296	0.133555
0.298	0.133883
0.3	0.134187
0.302	0.134466
0.304	0.134723
0.306	0.134958
0.308	0.135173
0.31	0.135369
0.312	0.135547
0.314	0.135708
0.316	0.135854
0.318	0.135985
0.32	0.136103
0.322	0.136208
0.324	0.136302
0.326	0.136384
0.328	0.136458
0.33	0.136522
0.332	0.136578
0.334	0.136627
0.336	0.136669
0.338	0.136705
0.34	0.136736
0.342	0.136763
0.344	0.136785
0.346	0.136803
0.348	0.136819
0.35	0.136831
0.352	0.136841
0.354	0.136849
0.356	0.136856
0.358	0.136861
0.36	0.136865
0.362	0.136867
0.364	0.136869
0.366	0.136871
0.368	0.136872
0.37	0.136873
0.372	0.136873
0.374	0.136873
0.376	0.136874
0.378	0.136874
0.38	0.136874
0.382	0.136874
0.384	0.136874
0.386	0.136874
0.388	0.136874
0.39	0.136874
0.392	0.136874
0.394	0.136874
0.396	0.136874
0.398	0.136874
0.4	0.136874
0.402	0.136874
0.404	0.136874
0.406	0.136874
0.408	0.136874
0.41	0.136874
0.412	0.136874
0.414	0.136874
0.416	0.136874
0.418	0.136874
0.42	0.136874
0.422	0.136874
0.424	0.136874
0.426	0.136874
0.428	0.136874
0.43	0.136874
0.432	0.136874
0.434	0.136874
0.436	0.136874
0.438	0.136874
0.44	0.136874
0.442	0.136874
0.444	0.136874
0.446	0.136874
0.448	0.136874
0.45	0.136874
0.452	0.136874
0.454	0.136874
0.456	0.136874
0.458	0.136874
0.46	0.136874
0.462	0.136874
0.464	0.136874
0.466	0.136874
0.468	0.136874
0.47	0.136874
0.472	0.136874
0.474	0.136874
0.476	0.136874
0.478	0.136874
0.48	0.136874
0.482	0.136874
0.484	0.136874
0.486	0.136874
0.488	0.136874
0.49	0.136874
0.492	0.136874
0.494	0.136874
0.496	0.136874
0.498	0.136874
0.5	0.136874
0.502	0.136874
0.504	0.136874
0.506	0.136874
0.508	0.136874
0.51	0.136874
0.512	0.136874
0.514	0.136874
0.516	0.136874
0.518	0.136874
0.52	0.136874
0.522	0.136874
0.524	0.136874
0.526	0.136874
0.528	0.136874
0.53	0.136874
0.532	0.136874
0.534	0.136874
0.536	0.136874
0.538	0.136874
0.54	0.136874
0.542	0.136874
0.544	0.136874
0.546	0.136874
0.548	0.136874
0.55	0.136874
0.552	0.136874
0.554	0.136874
0.556	0.136874
0.558	0.136874
0.56	0.136874
0.562	0.136874
0.564	0.136874
0.566	0.136874
0.568	0.136874
0.57	0.136874
0.572	0.136874
0.574	0.136874
0.576	0.136874
0.578	0.136874
0.58	0.136874
0.582	0.136874
0.584	0.136874
0.586	0.136874
0.588	0.136874
0.59	0.136874
0.592	0.136874
0.594	0.136874
0.596	0.136874
0.598	0.136874
0.6	0.136874
0.602	0.136874
0.604	0.136874
0.606	0.136874
0.608	0.136874
0.61	0.136874
0.612	0.136874
0.614	0.136874
0.616	0.136874
0.618	0.136874
0.62	0.136874
0.622	0.136874
0.624	0.136874
0.626	0.136874
0.628	0.136874
0.63	0.136874
0.632	0.136874
0.634	0.136874
0.636	0.136874
0.638	0.136874
0.64	0.136874
0.642	0.136874
0.644	0.136874
0.646	0.136874
0.648	0.136874
0.65	0.136874
0.652	0.136874
0.654	0.136874
0.656	0.136874
0.658	0.136874
0.66	0.136874
0.662	0.136874
0.664	0.136874
0.666	0.136874
0.668	0.136874
0.67	0.136874
0.672	0.136874
0.674	0.136874
0.676	0.136874
0.678	0.136874
0.68	0.136874
0.682	0.136874
0.684	0.136874
0.686	0.136874
0.688	0.136874
0.69	0.136874
0.692	0.136874
0.694	0.136874
0.696	0.136874
0.698	0.136874
0.7	0.136874
0.702	0.136874
0.704	0.136874
0.706	0.136874
0.708	0.136874
0.71	0.136874
0.712	0.136874
0.714	0.136874
0.716	0.136874
0.718	0.136874
0.72	0.136874
0.722	0.136874
0.724	0.136874
0.726	0.136874
0.728	0.136874
0.73	0.136874
0.732	0.136874
0.734	0.136874
0.736	0.136874
0.738	0.136874
0.74	0.136874
0.742	0.136874
0.744	0.136874
0.746	0.136874
0.748	0.136874
0.75	0.136874
0.752	0.136874
0.754	0.136874
0.756	0.136874
0.758	0.136874
0.76	0.136874
0.762	0.136874
0.764	0.136874
0.766	0.136874
0.768	0.136874
0.77	0.136874
0.772	0.136874
0.774	0.136874
0.776	0.136874
0.778	0.136874
0.78	0.136874
0.782	0.136874
0.784	0.136874
0.786	0.136874
0.788	0.136874
0.79	0.136874
0.792	0.136874
0.794	0.136874
0.796	0.136874
0.798	0.136874
0.8	0.136874
0.802	0.136874
0.804	0.136874
0.806	0.136874
0.808	0.136874
0.81	0.136874
0.812	0.136874
0.814	0.136874
0.816	0.136874
0.818	0.136874
0.82	0.136874
0.822	0.136874
0.824	0.136874
0.826	0.136874
0.828	0.136874
0.83	0.136874
0.832	0.136874
0.834	0.136874
0.836	0.136874
0.838	0.136874
0.84	0.136874
0.842	0.136874
0.844	0.136874
0.846	0.136874
0.848	0.136874
0.85	0.136874
0.852	0.136874
0.854	0.136874
0.856	0.136874
0.858	0.136874
0.86	0.136874
0.862	0.136874
0.864	0.136874
0.866	0.136874
0.868	0.136874
0.87	0.136874
0.872	0.136874
0.874	0.136874
0.876	0.136874
0.878	0.136874
0.88	0.136874
0.882	0.136874
0.884	0.136874
0.886	0.136874
0.888	0.136874
0.89	0.136874
0.892	0.136874
0.894	0.136874
0.896	0.136874
0.898	0.136874
0.9	0.136874
0.902	0.136874
0.904	0.136874
0.906	0.136874
0.908	0.136874
0.91	0.136874
0.912	0.136874
0.914	0.136874
0.916	0.136874
0.918	0.136874
0.92	0.136874
0.922	0.136874
0.924	0.136874
0.926	0.136874
0.928	0.136874
0.93	0.136874
0.932	0.136874
0.934	0.136874
0.936	0.136874
0.938	0.136874
0.94	0.136874
0.942	0.136874
0.944	0.136874
0.946	0.136874
0.948	0.136874
0.95	0.136874
0.952	0.136874
0.954	0.136874
0.956	0.136874
0.958	0.136874
0.96	0.136874
0.962	0.136874
0.964	0.136874
0.966	0.136874
0.968	0.136874
0.97	0.136874
0.972	0.136874
0.974	0.136874
0.976	0.136874
0.978	0.136874
0.98	0.136874
0.982	0.136874
0.984	0.136874
0.986	0.136874
0.988	0.136874
0.99	0.136874
0.992	0.136874
0.994	0.136874
0.996	0.136874
0.998	0.136874
1	0.136874
1.002	0.136874
1.004	0.136874
1.006	0.136874
1.008	0.136874
1.01	0.136874
1.012	0.136874
1.014	0.136874
1.016	0.136874
1.018	0.136874
1.02	0.136874
1.022	0.136874
1.024	0.136874
1.026	0.136874
1.028	0.136874
1.03	0.136874
1.032	0.136874
1.034	0.136874
1.036	0.136874
1.038	0.136874
1.04	0.136874
1.042	0.136874
1.044	0.136874
1.046	0.136874
1.048	0.136874
1.05	0.136874
1.052	0.136874
1.054	0.136874
1.056	0.136874
1.058	0.136874
1.06	0.136874
1.062	0.136874
1.064	0.136874
1.066	0.136874
1.068	0.136874
1.07	0.136874
1.072	0.136874
1.074	0.136874
1.076	0.136874
1.078	0.136874
1.08	0.136874
1.082	0.136874
1.084	0.136874
1.086	0.136874
1.088	0.136874
1.09	0.136874
1.092	0.136874
1.094	0.136874
1.096	0.136874
1.098	0.136874
1.1	0.136874
1.102	0.136874
1.104	0.136874
1.106	0.136874
1.108	0.136874
1.11	0.136874
1.112	0.136874
1.114	0.136874
1.116	0.136874
1.118	0.136874
1.12	0.136874
1.122	0.136874
1.124	0.136874
1.126	0.136874
1.128	0.136874
1.13	0.136874
1.132	0.136874
1.134	0.136874
1.136	0.136874
1.138	0.136874
1.14	0.136874
1.142	0.136874
1.144	0.136874
1.146	0.136874
1.148	0.136874
1.15	0.136874
1.152	0.136874
1.154	0.136874
1.156	0.136874
1.158	0.136874
1.16	0.136874
1.162	0.136874
1.164	0.136874
1.166	0.136874
1.168	0.136874
1.17	0.136874
1.172	0.136874
1.174	0.136874
1.176	0.136874
1.178	0.136874
1.18	0.136874
1.182	0.136874
1.184	0.136874
1.186	0.136874
1.188	0.136874
1.19	0.136874
1.192	0.136874
1.194	0.136874
1.196	0.136874
1.198	0.136874
1.2	0.136874
1.202	0.136874
1.204	0.136874
1.206	0.136874
1.208	0.136874
1.21	0.136874
1.212	0.136874
1.214	0.136874
1.216	0.136874
1.218	0.136874
1.22	0.136874
1.222	0.136874
1.224	0.136874
1.226	0.136874
1.228	0.136874
1.23	0.136874
1.232	0.136874
1.234	0.136874
1.236	0.136874
1.238	0.136874
1.24	0.136874
1.242	0.136874
1.244	0.136874
1.246	0.136874
1.248	0.136874
1.25	0.136874
1.252	0.136874
1.254	0.136874
1.256	0.136874
1.258	0.136874
1.26	0.136874
1.262	0.136874
1.264	0.136874
1.266	0.136874
1.268	0.136874
1.27	0.136874
1.272	0.136874
1.274	0.136874
1.276	0.136874
1.278	0.136874
1.28	0.136874
1.282	0.136874
1.284	0.136874
1.286	0.136874
1.288	0.136874
1.29	0.136874
1.292	0.136874
1.294	0.136874
1.296	0.136874
1.298	0.136874
1.3	0.136874
1.302	0.136874
1.304	0.136874
1.306	0.136874
1.308	0.136874
1.31	0.136874
1.312	0.136874
1.314	0.136874
1.316	0.136874
1.318	0.136874
1.32	0.136874
1.322	0.136874
1.324	0.136874
1.326	0.136874
1.328	0.136874
1.33	0.136874
1.332	0.136874
1.334	0.136874
1.336	0.136874
1.338	0.136874
1.34	0.136874
1.342	0.136874
1.344	0.136874
1.346	0.136874
1.348	0.136874
1.35	0.136874
1.352	0.136874
1.354	0.136874
1.356	0.136874
1.358	0.136874
1.36	0.136874
1.362	0.136874
1.364	0.136874
1.366	0.136874
1.368	0.136874
1.37	0.136874
1.372	0.136874
1.374	0.136874
1.376	0.136874
1.378	0.136874
1.38	0.136874
1.382	0.136874
1.384	0.136874
1.386	0.136874
1.388	0.136874
1.39	0.136874
1.392	0.136874
1.394	0.136874
1.396	0.136874
1.398	0.136874
1.4	0.136874
1.402	0.136874
1.404	0.136874
1.406	0.136874
1.408	0.136874
1.41	0.136874
1.412	0.136874
1.414	0.136874
1.416	0.136874
1.418	0.136874
1.42	0.136874
1.422	0.136874
1.424	0.136874
1.426	0.136874
1.428	0.136874
1.43	0.136874
1.432	0.136874
1.434	0.136874
1.436	0.136874
1.438	0.136874
1.44	0.136874
1.442	0.136874
1.444	0.136874
1.446	0.136874
1.448	0.136874
1.45	0.136874
1.452	0.136874
1.454	0.136874
1.456	0.136874
1.458	0.136874
1.46	0.136874
1.462	0.136874
1.464	0.136874
1.466	0.136874
1.468	0.136874
1.47	0.136874
1.472	0.136874
1.474	0.136874
1.476	0.136874
1.478	0.136874
1.48	0.136874
1.482	0.136874
1.484	0.136874
1.486	0.136874
1.488	0.136874
1.49	0.136874
1.492	0.136874
1.494	0.136874
1.496	0.136874
1.498	0.136874
1.5	0.136874
1.502	0.136874
1.504	0.136874
1.506	0.136874
1.508	0.136874
1.51	0.136874
1.512	0.136874
1.514	0.136874
1.516	0.136874
1.518	0.136874
1.52	0.136874
1.522	0.136874
1.524	0.136874
1.526	0.136874
1.528	0.136874
1.53	0.136874
1.532	0.136874
1.534	0.136874
1.536	0.136874
1.538	0.136874
1.54	0.136874
1.542	0.136874
1.544	0.136874
1.546	0.136874
1.548	0.136874
1.55	0.136874
1.552	0.136874
1.554	0.136874
1.556	0.136874
1.558	0.136874
1.56	0.136874
1.562	0.136874
1.564	0.136874
1.566	0.136874
1.568	0.136874
1.57	0.136874
1.572	0.136874
1.574	0.136874
1.576	0.136874
1.578	0.136874
1.58	0.136874
1.582	0.136874
1.584	0.136874
1.586	0.136874
1.588	0.136874
1.59	0.136874
1.592	0.136874
1.594	0.136874
1.596	0.136874
1.598	0.136874
1.6	0.136874
1.602	0.136874
1.604	0.136874
1.606	0.136874
1.608	0.136874
1.61	0.136874
1.612	0.136874
1.614	0.136874
1.616	0.136874
1.618	0.136874
1.62	0.136874
1.622	0.136874
1.624	0.136874
1.626	0.136874
1.628	0.136874
1.63	0.136874
1.632	0.136874
1.634	0.136874
1.636	0.136874
1.638	0.136874
1.64	0.136874
1.642	0.136874
1.644	0.136874
1.646	0.136874
1.648	0.136874
1.65	0.136874
1.652	0.136874
1.654	0.136874
1.656	0.136874
1.658	0.136874
1.66	0.136874
1.662	0.136874
1.664	0.136874
1.666	0.136874
1.668	0.136874
1.67	0.136874
1.672	0.136874
1.674	0.136874
1.676	0.136874
1.678	0.136874
1.68	0.136874
1.682	0.136874
1.684	0.136874
1.686	0.136874
1.688	0.136874
1.69	0.136874
1.692	0.136874
1.694	0.136874
1.696	0.136874
1.698	0.136874
1.7	0.136874
1.702	0.136874
1.704	0.136874
1.706	0.136874
1.708	0.136874
1.71	0.136874
1.712	0.136874
1.714	0.136874
1.716	0.136874
1.718	0.136874
1.72	0.136874
1.722	0.136874
1.724	0.136874
1.726	0.136874
1.728	0.136874
1.73	0.136874
1.732	0.136874
1.734	0.136874
1.736	0.136874
1.738	0.136874
1.74	0.136874
1.742	0.136874
1.744	0.136874
1.746	0.136874
1.748	0.136874
1.75	0.136874
1.752	0.136874
1.754	0.136874
1.756	0.136874
1.758	0.136874
1.76	0.136874
1.762	0.136874
1.764	0.136874
1.766	0.136874
1.768	0.136874
1.77	0.136874
1.772	0.136874
1.774	0.136874
1.776	0.136874
1.778	0.136874
1.78	0.136874
1.782	0.136874
1.784	0.136874
1.786	0.136874
1.788	0.136874
1.79	0.136874
1.792	0.136874
1.794	0.136874
1.796	0.136874
1.798	0.136874
1.8	0.136874
1.802	0.136874
1.804	0.136874
1.806	0.136874
1.808	0.136874
1.81	0.136874
1.812	0.136874
1.814	0.136874
1.816	0.136874
1.818	0.136874
1.82	0.136874
1.822	0.136874
1.824	0.136874
1.826	0.136874
1.828	0.136874
1.83	0.136874
1.832	0.136874
1.834	0.136874
1.836	0.136874
1.838	0.136874
1.84	0.136874
1.842	0.136874
1.844	0.136874
1.846	0.136874
1.848	0.136874
1.85	0.136874
1.852	0.136874
1.854	0.136874
1.856	0.136874
1.858	0.136874
1.86	0.136874
1.862	0.136874
1.864	0.136874
1.866	0.136874
1.868	0.136874
1.87	0.136874
1.872	0.136874
1.874	0.136874
1.876	0.136874
1.878	0.136874
1.88	0.136874
1.882	0.136874
1.884	0.136874
1.886	0.136874
1.888	0.136874
1.89	0.136874
1.892	0.136874
1.894	0.136874
1.896	0.136874
1.898	0.136874
1.9	0.136874
1.902	0.136874
1.904	0.136874
1.906	0.136874
1.908	0.136874
1.91	0.136874
1.912	0.136874
1.914	0.136874
1.916	0.136874
1.918	0.136874
1.92	0.136874
1.922	0.136874
1.924	0.136874
1.926	0.136874
1.928	0.136874
1.93	0.136874
1.932	0.136874
1.934	0.136874
1.936	0.136874
1.938	0.136874
1.94	0.136874
1.942	0.136874
1.944	0.136874
1.946	0.136874
1.948	0.136874
1.95	0.136874
1.952	0.136874
1.954	0.136874
1.956	0.136874
1.958	0.136874
1.96	0.136874
1.962	0.136874
1.964	0.136874
1.966	0.136874
1.968	0.136874
1.97	0.136874
1.972	0.136874
1.974	0.136874
1.976	0.136874
1.978	0.136874
1.98	0.136874
1.982	0.136874
1.984	0.136874
1.986	0.136874
1.988	0.136874
1.99	0.136874
1.992	0.136874
1.994	0.136874
1.996	0.136874
1.998	0.136874
2	0.136874
2.002	0.136874
2.004	0.136874
2.006	0.136874
2.008	0.136874
2.01	0.136874
2.012	0.136874
2.014	0.136874
2.016	0.136874
2.018	0.136874
2.02	0.136874
2.022	0.136874
2.024	0.136874
2.026	0.136874
2.028	0.136874
2.03	0.136874
2.032	0.136874
2.034	0.136874
2.036	0.136874
2.038	0.136874
2.04	0.136874
2.042	0.136874
2.044	0.136874
2.046	0.136874
2.048	0.136874
2.05	0.136874
2.052	0.136874
2.054	0.136874
2.056	0.136874
2.058	0.136874
2.06	0.136874
2.062	0.136874
2.064	0.136874
2.066	0.136874
2.068	0.136874
2.07	0.136874
2.072	0.136874
2.074	0.136874
2.076	0.136874
2.078	0.136874
2.08	0.136874
2.082	0.136874
2.084	0.136874
2.086	0.136874
2.088	0.136874
2.09	0.136874
2.092	0.136874
2.094	0.136874
2.096	0.136874
2.098	0.136874
2.1	0.136874
2.102	0.136874
2.104	0.136874
2.106	0.136874
2.108	0.136874
2.11	0.136874
2.112	0.136874
2.114	0.136874
2.116	0.136874
2.118	0.136874
2.12	0.136874
2.122	0.136874
2.124	0.136874
2.126	0.136874
2.128	0.136874
2.13	0.136874
2.132	0.136874
2.134	0.136874
2.136	0.136874
2.138	0.136874
2.14	0.136874
2.142	0.136874
2.144	0.136874
2.146	0.136874
2.148	0.136874
2.15	0.136874
2.152	0.136874
2.154	0.136874
2.156	0.136874
2.158	0.136874
2.16	0.136874
2.162	0.136874
2.164	0.136874
2.166	0.136874
2.168	0.136874
2.17	0.136874
2.172	0.136874
2.174	0.136874
2.176	0.136874
2.178	0.136874
2.18	0.136874
2.182	0.136874
2.184	0.136874
2.186	0.136874
2.188	0.136874
2.19	0.136874
2.192	0.136874
2.194	0.136874
2.196	0.136874
2.198	0.136874
2.2	0.136874
2.202	0.136874
2.204	0.136874
2.206	0.136874
2.208	0.136874
2.21	0.136874
2.212	0.136874
2.214	0.136874
2.216	0.136874
2.218	0.136874
2.22	0.136874
2.222	0.136874
2.224	0.136874
2.226	0.136874
2.228	0.136874
2.23	0.136874
2.232	0.136874
2.234	0.136874
2.236	0.136874
2.238	0.136874
2.24	0.136874
2.242	0.136874
2.244	0.136874
2.246	0.136874
2.248	0.136874
2.25	0.136874
2.252	0.136874
2.254	0.136874
2.256	0.136874
2.258	0.136874
2.26	0.136874
2.262	0.136874
2.264	0.136874
2.266	0.136874
2.268	0.136874
2.27	0.136874
2.272	0.136874
2.274	0.136874
2.276	0.136874
2.278	0.136874
2.28	0.136874
2.282	0.136874
2.284	0.136874
2.286	0.136874
2.288	0.136874
2.29	0.136874
2.292	0.136874
2.294	0.136874
2.296	0.136874
2.298	0.136874
2.3	0.136874
2.302	0.136874
2.304	0.136874
2.306	0.136874
2.308	0.136874
2.31	0.136874
2.312	0.136874
2.314	0.136874
2.316	0.136874
2.318	0.136874
2.32	0.136874
2.322	0.136874
2.324	0.136874
2.326	0.136874
2.328	0.136874
2.33	0.136874
2.332	0.136874
2.334	0.136874
2.336	0.136874
2.338	0.136874
2.34	0.136874
2.342	0.136874
2.344	0.136874
2.346	0.136874
2.348	0.136874
2.35	0.136874
2.352	0.136874
2.354	0.136874
2.356	0.136874
2.358	0.136874
2.36	0.136874
2.362	0.136874
2.364	0.136874
2.366	0.136874
2.368	0.136874
2.37	0.136874
2.372	0.136874
2.374	0.136874
2.376	0.136874
2.378	0.136874
2.38	0.136874
2.382	0.136874
2.384	0.136874
2.386	0.136874
2.388	0.136874
2.39	0.136874
2.392	0.136874
2.394	0.136874
2.396	0.136874
2.398	0.136874
2.4	0.136874
2.402	0.136874
2.404	0.136874
2.406	0.136874
2.408	0.136874
2.41	0.136874
2.412	0.136874
2.414	0.136874
2.416	0.136874
2.418	0.136874
2.42	0.136874
2.422	0.136874
2.424	0.136874
2.426	0.136874
2.428	0.136874
2.43	0.136874
2.432	0.136874
2.434	0.136874
2.436	0.136874
2.438	0.136874
2.44	0.136874
2.442	0.136874
2.444	0.136874
2.446	0.136874
2.448	0.136874
2.45	0.136874
2.452	0.136874
2.454	0.136874
2.456	0.136874
2.458	0.136874
2.46	0.136874
2.462	0.136874
2.464	0.136874
2.466	0.136874
2.468	0.136874
2.47	0.136874
2.472	0.136874
2.474	0.136874
2.476	0.136874
2.478	0.136874
2.48	0.136874
2.482	0.136874
2.484	0.136874
2.486	0.136874
2.488	0.136874
2.49	0.136874
2.492	0.136874
2.494	0.136874
2.496	0.136874
2.498	0.136874
2.5	0.136874
2.502	0.136874
2.504	0.136874
2.506	0.136874
2.508	0.136874
2.51	0.136874
2.512	0.136874
2.514	0.136874
2.516	0.136874
2.518	0.136874
2.52	0.136874
2.522	0.136874
2.524	0.136874
2.526	0.136874
2.528	0.136874
2.53	0.136874
2.532	0.136874
2.534	0.136874
2.536	0.136874
2.538	0.136874
2.54	0.136874
2.542	0.136874
2.544	0.136874
2.546	0.136874
2.548	0.136874
2.55	0.136874
2.552	0.136874
2.554	0.136874
2.556	0.136874
2.558	0.136874
2.56	0.136874
2.562	0.136874
2.564	0.136874
2.566	0.136874
2.568	0.136874
2.57	0.136874
2.572	0.136874
2.574	0.136874
2.576	0.136874
2.578	0.136874
2.58	0.136874
2.582	0.136874
2.584	0.136874
2.586	0.136874
2.588	0.136874
2.59	0.136874
2.592	0.136874
2.594	0.136874
2.596	0.136874
2.598	0.136874
2.6	0.136874
2.602	0.136874
2.604	0.136874
2.606	0.136874
2.608	0.136874
2.61	0.136874
2.612	0.136874
2.614	0.136874
2.616	0.136874
2.618	0.136874
2.62	0.136874
2.622	0.136874
2.624	0.136874
2.626	0.136874
2.628	0.136874
2.63	0.136874
2.632	0.136874
2.634	0.136874
2.636	0.136874
2.638	0.136874
2.64	0.136874
2.642	0.136874
2.644	0.136874
2.646	0.136874
2.648	0.136874
2.65	0.136874
2.652	0.136874
2.654	0.136874
2.656	0.136874
2.658	0.136874
2.66	0.136874
2.662	0.136874
2.664	0.136874
2.666	0.136874
2.668	0.136874
2.67	0.136874
2.672	0.136874
2.674	0.136874
2.676	0.136874
2.678	0.136874
2.68	0.136874
2.682	0.136874
2.684	0.136874
2.686	0.136874
2.688	0.136874
2.69	0.136874
2.692	0.136874
2.694	0.136874
2.696	0.136874
2.698	0.136874
2.7	0.136874
2.702	0.136874
2.704	0.136874
2.706	0.136874
2.708	0.136874
2.71	0.136874
2.712	0.136874
2.714	0.136874
2.716	0.136874
2.718	0.136874
2.72	0.136874
2.722	0.136874
2.724	0.136874
2.726	0.136874
2.728	0.136874
2.73	0.136874
2.732	0.136874
2.734	0.136874
2.736	0.136874
2.738	0.136874
2.74	0.136874
2.742	0.136874
2.744	0.136874
2.746	0.136874
2.748	0.136874
2.75	0.136874
2.752	0.136874
2.754	0.136874
2.756	0.136874
2.758	0.136874
2.76	0.136874
2.762	0.136874
2.764	0.136874
2.766	0.136874
2.768	0.136874
2.77	0.136874
2.772	0.136874
2.774	0.136874
2.776	0.136874
2.778	0.136874
2.78	0.136874
2.782	0.136874
2.784	0.136874
2.786	0.136874
2.788	0.136874
2.79	0.136874
2.792	0.136874
2.794	0.136874
2.796	0.136874
2.798	0.136874
2.8	0.136874
2.802	0.136874
2.804	0.136874
2.806	0.136874
2.808	0.136874
2.81	0.136874
2.812	0.136874
2.814	0.136874
2.816	0.136874
2.818	0.136874
2.82	0.136874
2.822	0.136874
2.824	0.136874
2.826	0.136874
2.828	0.136874
2.83	0.136874
2.832	0.136874
2.834	0.136874
2.836	0.136874
2.838	0.136874
2.84	0.136874
2.842	0.136874
2.844	0.136874
2.846	0.136874
2.848	0.136874
2.85	0.136874
2.852	0.136874
2.854	0.136874
2.856	0.136874
2.858	0.136874
2.86	0.136874
2.862	0.136874
2.864	0.136874
2.866	0.136874
2.868	0.136874
2.87	0.136874
2.872	0.136874
2.874	0.136874
2.876	0.136874
2.878	0.136874
2.88	0.136874
2.882	0.136874
2.884	0.136874
2.886	0.136874
2.888	0.136874
2.89	0.136874
2.892	0.136874
2.894	0.136874
2.896	0.136874
2.898	0.136874
2.9	0.136874
2.902	0.136874
2.904	0.136874
2.906	0.136874
2.908	0.136874
2.91	0.136874
2.912	0.136874
2.914	0.136874
2.916	0.136874
2.918	0.136874
2.92	0.136874
2.922	0.136874
2.924	0.136874
2.926	0.136874
2.928	0.136874
2.93	0.136874
2.932	0.136874
2.934	0.136874
2.936	0.136874
2.938	0.136874
2.94	0.136874
2.942	0.136874
2.944	0.136874
2.946	0.136874
2.948	0.136874
2.95	0.136874
2.952	0.136874
2.954	0.136874
2.956	0.136874
2.958	0.136874
2.96	0.136874
2.962	0.136874
2.964	0.136874
2.966	0.136874
2.968	0.136874
2.97	0.136874
2.972	0.136874
2.974	0.136874
2.976	0.136874
2.978	0.136874
2.98	0.136874
2.982	0.136874
2.984	0.136874
2.986	0.136874
2.988	0.136874
2.99	0.136874
2.992	0.136874
2.994	0.136874
2.996	0.136874
2.998	0.136874
3	0.136874
3.002	0.136874
3.004	0.136874
3.006	0.136874
3.008	0.136874
3.01	0.136874
3.012	0.136874
3.014	0.136874
3.016	0.136874
3.018	0.136874
3.02	0.136874
3.022	0.136874
3.024	0.136874
3.026	0.136874
3.028	0.136874
3.03	0.136874
3.032	0.136874
3.034	0.136874
3.036	0.136874
3.038	0.136874
3.04	0.136874
3.042	0.136874
3.044	0.136874
3.046	0.136874
3.048	0.136874
3.05	0.136874
3.052	0.136874
3.054	0.136874
3.056	0.136874
3.058	0.136874
3.06	0.136874
3.062	0.136874
3.064	0.136874
3.066	0.136874
3.068	0.136874
3.07	0.136874
3.072	0.136874
3.074	0.136874
3.076	0.136874
3.078	0.136874
3.08	0.136874
3.082	0.136874
3.084	0.136874
3.086	0.136874
3.088	0.136874
3.09	0.136874
3.092	0.136874
3.094	0.136874
3.096	0.136874
3.098	0.136874
3.1	0.136874
3.102	0.136874
3.104	0.136874
3.106	0.136874
3.108	0.136874
3.11	0.136874
3.112	0.136874
3.114	0.136874
3.116	0.136874
3.118	0.136874
3.12	0.136874
3.122	0.136874
3.124	0.136874
3.126	0.136874
3.128	0.136874
3.13	0.136874
3.132	0.136874
3.134	0.136874
3.136	0.136874
3.138	0.136874
3.14	0.136874
3.142	0.136874
3.144	0.136874
3.146	0.136874
3.148	0.136874
3.15	0.136874
3.152	0.136874
3.154	0.136874
3.156	0.136874
3.158	0.136874
3.16	0.136874
3.162	0.136874
3.164	0.136874
3.166	0.136874
3.168	0.136874
3.17	0.136874
3.172	0.136874
3.174	0.136874
3.176	0.136874
3.178	0.136874
3.18	0.136874
3.182	0.136874
3.184	0.136874
3.186	0.136874
3.188	0.136874
3.19	0.136874
3.192	0.136874
3.194	0.136874
3.196	0.136874
3.198	0.136874
3.2	0.136874
3.202	0.136874
3.204	0.136874
3.206	0.136874
3.208	0.136874
3.21	0.136874
3.212	0.136874
3.214	0.136874
3.216	0.136874
3.218	0.136874
3.22	0.136874
3.222	0.136874
3.224	0.136874
3.226	0.136874
3.228	0.136874
3.23	0.136874
3.232	0.136874
3.234	0.136874
3.236	0.136874
3.238	0.136874
3.24	0.136874
3.242	0.136874
3.244	0.136874
3.246	0.136874
3.248	0.136874
3.25	0.136874
3.252	0.136874
3.254	0.136874
3.256	0.136874
3.258	0.136874
3.26	0.136874
3.262	0.136874
3.264	0.136874
3.266	0.136874
3.268	0.136874
3.27	0.136874
3.272	0.136874
3.274	0.136874
3.276	0.136874
3.278	0.136874
3.28	0.136874
3.282	0.136874
3.284	0.136874
3.286	0.136874
3.288	0.136874
3.29	0.136874
3.292	0.136874
3.294	0.136874
3.296	0.136874
3.298	0.136874
3.3	0.136874
3.302	0.136874
3.304	0.136874
3.306	0.136874
3.308	0.136874
3.31	0.136874
3.312	0.136874
3.314	0.136874
3.316	0.136874
3.318	0.136874
3.32	0.136874
3.322	0.136874
3.324	0.136874
3.326	0.136874
3.328	0.136874
3.33	0.136874
3.332	0.136874
3.334	0.136874
3.336	0.136874
3.338	0.136874
3.34	0.136874
3.342	0.136874
3.344	0.136874
3.346	0.136874
3.348	0.136874
3.35	0.136874
3.352	0.136874
3.354	0.136874
3.356	0.136874
3.358	0.136874
3.36	0.136874
3.362	0.136874
3.364	0.136874
3.366	0.136874
3.368	0.136874
3.37	0.136874
3.372	0.136874
3.374	0.136874
3.376	0.136874
3.378	0.136874
3.38	0.136874
3.382	0.136874
3.384	0.136874
3.386	0.136874
3.388	0.136874
3.39	0.136874
3.392	0.136874
3.394	0.136874
3.396	0.136874
3.398	0.136874
3.4	0.136874
3.402	0.136874
3.404	0.136874
3.406	0.136874
3.408	0.136874
3.41	0.136874
3.412	0.136874
3.414	0.136874
3.416	0.136874
3.418	0.136874
3.42	0.136874
3.422	0.136874
3.424	0.136874
3.426	0.136874
3.428	0.136874
3.43	0.136874
3.432	0.136874
3.434	0.136874
3.436	0.136874
3.438	0.136874
3.44	0.136874
3.442	0.136874
3.444	0.136874
3.446	0.136874
3.448	0.136874
3.45	0.136874
3.452	0.136874
3.454	0.136874
3.456	0.136874
3.458	0.136874
3.46	0.136874
3.462	0.136874
3.464	0.136874
3.466	0.136874
3.468	0.136874
3.47	0.136874
3.472	0.136874
3.474	0.136874
3.476	0.136874
3.478	0.136874
3.48	0.136874
3.482	0.136874
3.484	0.136874
3.486	0.136874
3.488	0.136874
3.49	0.136874
3.492	0.136874
3.494	0.136874
3.496	0.136874
3.498	0.136874
3.5	0.136874
3.502	0.136874
3.504	0.136874
3.506	0.136874
3.508	0.136874
3.51	0.136874
3.512	0.136874
3.514	0.136874
3.516	0.136874
3.518	0.136874
3.52	0.136874
3.522	0.136874
3.524	0.136874
3.526	0.136874
3.528	0.136874
3.53	0.136874
3.532	0.136874
3.534	0.136874
3.536	0.136874
3.538	0.136874
3.54	0.136874
3.542	0.136874
3.544	0.136874
3.546	0.136874
3.548	0.136874
3.55	0.136874
3.552	0.136874
3.554	0.136874
3.556	0.136874
3.558	0.136874
3.56	0.136874
3.562	0.136874
3.564	0.136874
3.566	0.136874
3.568	0.136874
3.57	0.136874
3.572	0.136874
3.574	0.136874
3.576	0.136874
3.578	0.136874
3.58	0.136874
3.582	0.136874
3.584	0.136874
3.586	0.136874
3.588	0.136874
3.59	0.136874
3.592	0.136874
3.594	0.136874
3.596	0.136874
3.598	0.136874
3.6	0.136874
3.602	0.136874
3.604	0.136874
3.606	0.136874
3.608	0.136874
3.61	0.136874
3.612	0.136874
3.614	0.136874
3.616	0.136874
3.618	0.136874
3.62	0.136874
3.622	0.136874
3.624	0.136874
3.626	0.136874
3.628	0.136874
3.63	0.136874
3.632	0.136874
3.634	0.136874
3.636	0.136874
3.638	0.136874
3.64	0.136874
3.642	0.136874
3.644	0.136874
3.646	0.136874
3.648	0.136874
3.65	0.136874
3.652	0.136874
3.654	0.136874
3.656	0.136874
3.658	0.136874
3.66	0.136874
3.662	0.136874
3.664	0.136874
3.666	0.136874
3.668	0.136874
3.67	0.136874
3.672	0.136874
3.674	0.136874
3.676	0.136874
3.678	0.136874
3.68	0.136874
3.682	0.136874
3.684	0.136874
3.686	0.136874
3.688	0.136874
3.69	0.136874
3.692	0.136874
3.694	0.136874
3.696	0.136874
3.698	0.136874
3.7	0.136874
3.702	0.136874
3.704	0.136874
3.706	0.136874
3.708	0.136874
3.71	0.136874
3.712	0.136874
3.714	0.136874
3.716	0.136874
3.718	0.136874
3.72	0.136874
3.722	0.136874
3.724	0.136874
3.726	0.136874
3.728	0.136874
3.73	0.136874
3.732	0.136874
3.734	0.136874
3.736	0.136874
3.738	0.136874
3.74	0.136874
3.742	0.136874
3.744	0.136874
3.746	0.136874
3.748	0.136874
3.75	0.136874
3.752	0.136874
3.754	0.136874
3.756	0.136874
3.758	0.136874
3.76	0.136874
3.762	0.136874
3.764	0.136874
3.766	0.136874
3.768	0.136874
3.77	0.136874
3.772	0.136874
3.774	0.136874
3.776	0.136874
3.778	0.136874
3.78	0.136874
3.782	0.136874
3.784	0.136874
3.786	0.136874
3.788	0.136874
3.79	0.136874
3.792	0.136874
3.794	0.136874
3.796	0.136874
3.798	0.136874
3.8	0.136874
3.802	0.136874
3.804	0.136874
3.806	0.136874
3.808	0.136874
3.81	0.136874
3.812	0.136874
3.814	0.136874
3.816	0.136874
3.818	0.136874
3.82	0.136874
3.822	0.136874
3.824	0.136874
3.826	0.136874
3.828	0.136874
3.83	0.136874
3.832	0.136874
3.834	0.136874
3.836	0.136874
3.838	0.136874
3.84	0.136874
3.842	0.136874
3.844	0.136874
3.846	0.136874
3.848	0.136874
3.85	0.136874
3.852	0.136874
3.854	0.136874
3.856	0.136874
3.858	0.136874
3.86	0.136874
3.862	0.136874
3.864	0.136874
3.866	0.136874
3.868	0.136874
3.87	0.136874
3.872	0.136874
3.874	0.136874
3.876	0.136874
3.878	0.136874
3.88	0.136874
3.882	0.136874
3.884	0.136874
3.886	0.136874
3.888	0.136874
3.89	0.136874
3.892	0.136874
3.894	0.136874
3.896	0.136874
3.898	0.136874
3.9	0.136874
3.902	0.136874
3.904	0.136874
3.906	0.136874
3.908	0.136874
3.91	0.136874
3.912	0.136874
3.914	0.136874
3.916	0.136874
3.918	0.136874
3.92	0.136874
3.922	0.136874
3.924	0.136874
3.926	0.136874
3.928	0.136874
3.93	0.136874
3.932	0.136874
3.934	0.136874
3.936	0.136874
3.938	0.136874
3.94	0.136874
3.942	0.136874
3.944	0.136874
3.946	0.136874
3.948	0.136874
3.95	0.136874
3.952	0.136874
3.954	0.136874
3.956	0.136874
3.958	0.136874
3.96	0.136874
3.962	0.136874
3.964	0.136874
3.966	0.136874
3.968	0.136874
3.97	0.136874
3.972	0.136874
3.974	0.136874
3.976	0.136874
3.978	0.136874
3.98	0.136874
3.982	0.136874
3.984	0.136874
3.986	0.136874
3.988	0.136874
3.99	0.136874
3.992	0.136874
3.994	0.136874
3.996	0.136874
3.998	0.136874
4	0.136874
4.002	0.136874
4.004	0.136874
4.006	0.136874
4.008	0.136874
4.01	0.136874
4.012	0.136874
4.014	0.136874
4.016	0.136874
4.018	0.136874
4.02	0.136874
4.022	0.136874
4.024	0.136874
4.026	0.136874
4.028	0.136874
4.03	0.136874
4.032	0.136874
4.034	0.136874
4.036	0.136874
4.038	0.136874
4.04	0.136874
4.042	0.136874
4.044	0.136874
4.046	0.136874
4.048	0.136874
4.05	0.136874
4.052	0.136874
4.054	0.136874
4.056	0.136874
4.058	0.136874
4.06	0.136874
4.062	0.136874
4.064	0.136874
4.066	0.136874
4.068	0.136874
4.07	0.136874
4.072	0.136874
4.074	0.136874
4.076	0.136874
4.078	0.136874
4.08	0.136874
4.082	0.136874
4.084	0.136874
4.086	0.136874
4.088	0.136874
4.09	0.136874
4.092	0.136874
4.094	0.136874
4.096	0.136874
4.098	0.136874
4.1	0.136874
4.102	0.136874
4.104	0.136874
4.106	0.136874
4.108	0.136874
4.11	0.136874
4.112	0.136874
4.114	0.136874
4.116	0.136874
4.118	0.136874
4.12	0.136874
4.122	0.136874
4.124	0.136874
4.126	0.136874
4.128	0.136874
4.13	0.136874
4.132	0.136874
4.134	0.136874
4.136	0.136874
4.138	0.136874
4.14	0.136874
4.142	0.136874
4.144	0.136874
4.146	0.136874
4.148	0.136874
4.15	0.136874
4.152	0.136874
4.154	0.136874
4.156	0.136874
4.158	0.136874
4.16	0.136874
4.162	0.136874
4.164	0.136874
4.166	0.136874
4.168	0.136874
4.17	0.136874
4.172	0.136874
4.174	0.136874
4.176	0.136874
4.178	0.136874
4.18	0.136874
4.182	0.136874
4.184	0.136874
4.186	0.136874
4.188	0.136874
4.19	0.136874
4.192	0.136874
4.194	0.136874
4.196	0.136874
4.198	0.136874
4.2	0.136874
4.202	0.136874
4.204	0.136874
4.206	0.136874
4.208	0.136874
4.21	0.136874
4.212	0.136874
4.214	0.136874
4.216	0.136874
4.218	0.136874
4.22	0.136874
4.222	0.136874
4.224	0.136874
4.226	0.136874
4.228	0.136874
4.23	0.136874
4.232	0.136874
4.234	0.136874
4.236	0.136874
4.238	0.136874
4.24	0.136874
4.242	0.136874
4.244	0.136874
4.246	0.136874
4.248	0.136874
4.25	0.136874
4.252	0.136874
4.254	0.136874
4.256	0.136874
4.258	0.136874
4.26	0.136874
4.262	0.136874
4.264	0.136874
4.266	0.136874
4.268	0.136874
4.27	0.136874
4.272	0.136874
4.274	0.136874
4.276	0.136874
4.278	0.136874
4.28	0.136874
4.282	0.136874
4.284	0.136874
4.286	0.136874
4.288	0.136874
4.29	0.136874
4.292	0.136874
4.294	0.136874
4.296	0.136874
4.298	0.136874
4.3	0.136874
4.302	0.136874
4.304	0.136874
4.306	0.136874
4.308	0.136874
4.31	0.136874
4.312	0.136874
4.314	0.136874
4.316	0.136874
4.318	0.136874
4.32	0.136874
4.322	0.136874
4.324	0.136874
4.326	0.136874
4.328	0.136874
4.33	0.136874
4.332	0.136874
4.334	0.136874
4.336	0.136874
4.338	0.136874
4.34	0.136874
4.342	0.136874
4.344	0.136874
4.346	0.136874
4.348	0.136874
4.35	0.136874
4.352	0.136874
4.354	0.136874
4.356	0.136874
4.358	0.136874
4.36	0.136874
4.362	0.136874
4.364	0.136874
4.366	0.136874
4.368	0.136874
4.37	0.136874
4.372	0.136874
4.374	0.136874
4.376	0.136874
4.378	0.136874
4.38	0.136874
4.382	0.136874
4.384	0.136874
4.386	0.136874
4.388	0.136874
4.39	0.136874
4.392	0.136874
4.394	0.136874
4.396	0.136874
4.398	0.136874
4.4	0.136874
4.402	0.136874
4.404	0.136874
4.406	0.136874
4.408	0.136874
4.41	0.136874
4.412	0.136874
4.414	0.136874
4.416	0.136874
4.418	0.136874
4.42	0.136874
4.422	0.136874
4.424	0.136874
4.426	0.136874
4.428	0.136874
4.43	0.136874
4.432	0.136874
4.434	0.136874
4.436	0.136874
4.438	0.136874
4.44	0.136874
4.442	0.136874
4.444	0.136874
4.446	0.136874
4.448	0.136874
4.45	0.136874
4.452	0.136874
4.454	0.136874
4.456	0.136874
4.458	0.136874
4.46	0.136874
4.462	0.136874
4.464	0.136874
4.466	0.136874
4.468	0.136874
4.47	0.136874
4.472	0.136874
4.474	0.136874
4.476	0.136874
4.478	0.136874
4.48	0.136874
4.482	0.136874
4.484	0.136874
4.486	0.136874
4.488	0.136874
4.49	0.136874
4.492	0.136874
4.494	0.136874
4.496	0.136874
4.498	0.136874
4.5	0.136874
4.502	0.136874
4.504	0.136874
4.506	0.136874
4.508	0.136874
4.51	0.136874
4.512	0.136874
4.514	0.136874
4.516	0.136874
4.518	0.136874
4.52	0.136874
4.522	0.136874
4.524	0.136874
4.526	0.136874
4.528	0.136874
4.53	0.136874
4.532	0.136874
4.534	0.136874
4.536	0.136874
4.538	0.136874
4.54	0.136874
4.542	0.136874
4.544	0.136874
4.546	0.136874
4.548	0.136874
4.55	0.136874
4.552	0.136874
4.554	0.136874
4.556	0.136874
4.558	0.136874
4.56	0.136874
4.562	0.136874
4.564	0.136874
4.566	0.136874
4.568	0.136874
4.57	0.136874
4.572	0.136874
4.574	0.136874
4.576	0.136874
4.578	0.136874
4.58	0.136874
4.582	0.136874
4.584	0.136874
4.586	0.136874
4.588	0.136874
4.59	0.136874
4.592	0.136874
4.594	0.136874
4.596	0.136874
4.598	0.136874
4.6	0.136874
4.602	0.136874
4.604	0.136874
4.606	0.136874
4.608	0.136874
4.61	0.136874
4.612	0.136874
4.614	0.136874
4.616	0.136874
4.618	0.136874
4.62	0.136874
4.622	0.136874
4.624	0.136874
4.626	0.136874
4.628	0.136874
4.63	0.136874
4.632	0.136874
4.634	0.136874
4.636	0.136874
4.638	0.136874
4.64	0.136874
4.642	0.136874
4.644	0.136874
4.646	0.136874
4.648	0.136874
4.65	0.136874
4.652	0.136874
4.654	0.136874
4.656	0.136874
4.658	0.136874
4.66	0.136874
4.662	0.136874
4.664	0.136874
4.666	0.136874
4.668	0.136874
4.67	0.136874
4.672	0.136874
4.674	0.136874
4.676	0.136874
4.678	0.136874
4.68	0.136874
4.682	0.136874
4.684	0.136874
4.686	0.136874
4.688	0.136874
4.69	0.136874
4.692	0.136874
4.694	0.136874
4.696	0.136874
4.698	0.136874
4.7	0.136874
4.702	0.136874
4.704	0.136874
4.706	0.136874
4.708	0.136874
4.71	0.136874
4.712	0.136874
4.714	0.136874
4.716	0.136874
4.718	0.136874
4.72	0.136874
4.722	0.136874
4.724	0.136874
4.726	0.136874
4.728	0.136874
4.73	0.136874
4.732	0.136874
4.734	0.136874
4.736	0.136874
4.738	0.136874
4.74	0.136874
4.742	0.136874
4.744	0.136874
4.746	0.136874
4.748	0.136874
4.75	0.136874
4.752	0.136874
4.754	0.136874
4.756	0.136874
4.758	0.136874
4.76	0.136874
4.762	0.136874
4.764	0.136874
4.766	0.136874
4.768	0.136874
4.77	0.136874
4.772	0.136874
4.774	0.136874
4.776	0.136874
4.778	0.136874
4.78	0.136874
4.782	0.136874
4.784	0.136874
4.786	0.136874
4.788	0.136874
4.79	0.136874
4.792	0.136874
4.794	0.136874
4.796	0.136874
4.798	0.136874
4.8	0.136874
4.802	0.136874
4.804	0.136874
4.806	0.136874
4.808	0.136874
4.81	0.136874
4.812	0.136874
4.814	0.136874
4.816	0.136874
4.818	0.136874
4.82	0.136874
4.822	0.136874
4.824	0.136874
4.826	0.136874
4.828	0.136874
4.83	0.136874
4.832	0.136874
4.834	0.136874
4.836	0.136874
4.838	0.136874
4.84	0.136874
4.842	0.136874
4.844	0.136874
4.846	0.136874
4.848	0.136874
4.85	0.136874
4.852	0.136874
4.854	0.136874
4.856	0.136874
4.858	0.136874
4.86	0.136874
4.862	0.136874
4.864	0.136874
4.866	0.136874
4.868	0.136874
4.87	0.136874
4.872	0.136874
4.874	0.136874
4.876	0.136874
4.878	0.136874
4.88	0.136874
4.882	0.136874
4.884	0.136874
4.886	0.136874
4.888	0.136874
4.89	0.136874
4.892	0.136874
4.894	0.136874
4.896	0.136874
4.898	0.136874
4.9	0.136874
4.902	0.136874
4.904	0.136874
4.906	0.136874
4.908	0.136874
4.91	0.136874
4.912	0.136874
4.914	0.136874
4.916	0.136874
4.918	0.136874
4.92	0.136874
4.922	0.136874
4.924	0.136874
4.926	0.136874
4.928	0.136874
4.93	0.136874
4.932	0.136874
4.934	0.136874
4.936	0.136874
4.938	0.136874
4.94	0.136874
4.942	0.136874
4.944	0.136874
4.946	0.136874
4.948	0.136874
4.95	0.136874
4.952	0.136874
4.954	0.136874
4.956	0.136874
4.958	0.136874
4.96	0.136874
4.962	0.136874
4.964	0.136874
4.966	0.136874
4.968	0.136874
4.97	0.136874
4.972	0.136874
4.974	0.136874
4.976	0.136874
4.978	0.136874
4.98	0.136874
4.982	0.136874
4.984	0.136874
4.986	0.136874
4.988	0.136874
4.99	0.136874
4.992	0.136874
4.994	0.136874
4.996	0.136874
4.998	0.136874
5	0.136874
5.002	0.136874
5.004	0.136874
5.006	0.136874
5.008	0.136874
5.01	0.136874
5.012	0.136874
5.014	0.136874
5.016	0.136874
5.018	0.136874
5.02	0.136874
5.022	0.136874
5.024	0.136874
5.026	0.136874
5.028	0.136874
5.03	0.136874
5.032	0.136874
5.034	0.136874
5.036	0.136874
5.038	0.136874
5.04	0.136874
5.042	0.136874
5.044	0.136874
5.046	0.136874
5.048	0.136874
5.05	0.136874
5.052	0.136874
5.054	0.136874
5.056	0.136874
5.058	0.136874
5.06	0.136874
5.062	0.136874
5.064	0.136874
5.066	0.136874
5.068	0.136874
5.07	0.136874
5.072	0.136874
5.074	0.136874
5.076	0.136874
5.078	0.136874
5.08	0.136874
5.082	0.136874
5.084	0.136874
5.086	0.136874
5.088	0.136874
5.09	0.136874
5.092	0.136874
5.094	0.136874
5.096	0.136874
5.098	0.136874
5.1	0.136874
5.102	0.136874
5.104	0.136874
5.106	0.136874
5.108	0.136874
5.11	0.136874
5.112	0.136874
5.114	0.136874
5.116	0.136874
5.118	0.136874
5.12	0.136874
5.122	0.136874
5.124	0.136874
5.126	0.136874
5.128	0.136874
5.13	0.136874
5.132	0.136874
5.134	0.136874
5.136	0.136874
5.138	0.136874
5.14	0.136874
5.142	0.136874
5.144	0.136874
5.146	0.136874
5.148	0.136874
5.15	0.136874
5.152	0.136874
5.154	0.136874
5.156	0.136874
5.158	0.136874
5.16	0.136874
5.162	0.136874
5.164	0.136874
5.166	0.136874
5.168	0.136874
5.17	0.136874
5.172	0.136874
5.174	0.136874
5.176	0.136874
5.178	0.136874
5.18	0.136874
5.182	0.136874
5.184	0.136874
5.186	0.136874
5.188	0.136874
5.19	0.136874
5.192	0.136874
5.194	0.136874
5.196	0.136874
5.198	0.136874
5.2	0.136874
5.202	0.136874
5.204	0.136874
5.206	0.136874
5.208	0.136874
5.21	0.136874
5.212	0.136874
5.214	0.136874
5.216	0.136874
5.218	0.136874
5.22	0.136874
5.222	0.136874
5.224	0.136874
5.226	0.136874
5.228	0.136874
5.23	0.136874
5.232	0.136874
5.234	0.136874
5.236	0.136874
5.238	0.136874
5.24	0.136874
5.242	0.136874
5.244	0.136874
5.246	0.136874
5.248	0.136874
5.25	0.136874
5.252	0.136874
5.254	0.136874
5.256	0.136874
5.258	0.136874
5.26	0.136874
5.262	0.136874
5.264	0.136874
5.266	0.136874
5.268	0.136874
5.27	0.136874
5.272	0.136874
5.274	0.136874
5.276	0.136874
5.278	0.136874
5.28	0.136874
5.282	0.136874
5.284	0.136874
5.286	0.136874
5.288	0.136874
5.29	0.136874
5.292	0.136874
5.294	0.136874
5.296	0.136874
5.298	0.136874
5.3	0.136874
5.302	0.136874
5.304	0.136874
5.306	0.136874
5.308	0.136874
5.31	0.136874
5.312	0.136874
5.314	0.136874
5.316	0.136874
5.318	0.136874
5.32	0.136874
5.322	0.136874
5.324	0.136874
5.326	0.136874
5.328	0.136874
5.33	0.136874
5.332	0.136874
5.334	0.136874
5.336	0.136874
5.338	0.136874
5.34	0.136874
5.342	0.136874
5.344	0.136874
5.346	0.136874
5.348	0.136874
5.35	0.136874
5.352	0.136874
5.354	0.136874
5.356	0.136874
5.358	0.136874
5.36	0.136874
5.362	0.136874
5.364	0.136874
5.366	0.136874
5.368	0.136874
5.37	0.136874
5.372	0.136874
5.374	0.136874
5.376	0.136874
5.378	0.136874
5.38	0.136874
5.382	0.136874
5.384	0.136874
5.386	0.136874
5.388	0.136874
5.39	0.136874
5.392	0.136874
5.394	0.136874
5.396	0.136874
5.398	0.136874
5.4	0.136874
5.402	0.136874
5.404	0.136874
5.406	0.136874
5.408	0.136874
5.41	0.136874
5.412	0.136874
5.414	0.136874
5.416	0.136874
5.418	0.136874
5.42	0.136874
5.422	0.136874
5.424	0.136874
5.426	0.136874
5.428	0.136874
5.43	0.136874
5.432	0.136874
5.434	0.136874
5.436	0.136874
5.438	0.136874
5.44	0.136874
5.442	0.136874
5.444	0.136874
5.446	0.136874
5.448	0.136874
5.45	0.136874
5.452	0.136874
5.454	0.136874
5.456	0.136874
5.458	0.136874
5.46	0.136874
5.462	0.136874
5.464	0.136874
5.466	0.136874
5.468	0.136874
5.47	0.136874
5.472	0.136874
5.474	0.136874
5.476	0.136874
5.478	0.136874
5.48	0.136874
5.482	0.136874
5.484	0.136874
5.486	0.136874
5.488	0.136874
5.49	0.136874
5.492	0.136874
5.494	0.136874
5.496	0.136874
5.498	0.136874
5.5	0.136874
5.502	0.136874
5.504	0.136874
5.506	0.136874
5.508	0.136874
5.51	0.136874
5.512	0.136874
5.514	0.136874
5.516	0.136874
5.518	0.136874
5.52	0.136874
5.522	0.136874
5.524	0.136874
5.526	0.136874
5.528	0.136874
5.53	0.136874
5.532	0.136874
5.534	0.136874
5.536	0.136874
5.538	0.136874
5.54	0.136874
5.542	0.136874
5.544	0.136874
5.546	0.136874
5.548	0.136874
5.55	0.136874
5.552	0.136874
5.554	0.136874
5.556	0.136874
5.558	0.136874
5.56	0.136874
5.562	0.136874
5.564	0.136874
5.566	0.136874
5.568	0.136874
5.57	0.136874
5.572	0.136874
5.574	0.136874
5.576	0.136874
5.578	0.136874
5.58	0.136874
5.582	0.136874
5.584	0.136874
5.586	0.136874
5.588	0.136874
5.59	0.136874
5.592	0.136874
5.594	0.136874
5.596	0.136874
5.598	0.136874
5.6	0.136874
5.602	0.136874
5.604	0.136874
5.606	0.136874
5.608	0.136874
5.61	0.136874
5.612	0.136874
5.614	0.136874
5.616	0.136874
5.618	0.136874
5.62	0.136874
5.622	0.136874
5.624	0.136874
5.626	0.136874
5.628	0.136874
5.63	0.136874
5.632	0.136874
5.634	0.136874
5.636	0.136874
5.638	0.136874
5.64	0.136874
5.642	0.136874
5.644	0.136874
5.646	0.136874
5.648	0.136874
5.65	0.136874
5.652	0.136874
5.654	0.136874
5.656	0.136874
5.658	0.136874
5.66	0.136874
5.662	0.136874
5.664	0.136874
5.666	0.136874
5.668	0.136874
5.67	0.136874
5.672	0.136874
5.674	0.136874
5.676	0.136874
5.678	0.136874
5.68	0.136874
5.682	0.136874
5.684	0.136874
5.686	0.136874
5.688	0.136874
5.69	0.136874
5.692	0.136874
5.694	0.136874
5.696	0.136874
5.698	0.136874
5.7	0.136874
5.702	0.136874
5.704	0.136874
5.706	0.136874
5.708	0.136874
5.71	0.136874
5.712	0.136874
5.714	0.136874
5.716	0.136874
5.718	0.136874
5.72	0.136874
5.722	0.136874
5.724	0.136874
5.726	0.136874
5.728	0.136874
5.73	0.136874
5.732	0.136874
5.734	0.136874
5.736	0.136874
5.738	0.136874
5.74	0.136874
5.742	0.136874
5.744	0.136874
5.746	0.136874
5.748	0.136874
5.75	0.136874
5.752	0.136874
5.754	0.136874
5.756	0.136874
5.758	0.136874
5.76	0.136874
5.762	0.136874
5.764	0.136874
5.766	0.136874
5.768	0.136874
5.77	0.136874
5.772	0.136874
5.774	0.136874
5.776	0.136874
5.778	0.136874
5.78	0.136874
5.782	0.136874
5.784	0.136874
5.786	0.136874
5.788	0.136874
5.79	0.136874
5.792	0.136874
5.794	0.136874
5.796	0.136874
5.798	0.136874
5.8	0.136874
5.802	0.136874
5.804	0.136874
5.806	0.136874
5.808	0.136874
5.81	0.136874
5.812	0.136874
5.814	0.136874
5.816	0.136874
5.818	0.136874
5.82	0.136874
5.822	0.136874
5.824	0.136874
5.826	0.136874
5.828	0.136874
5.83	0.136874
5.832	0.136874
5.834	0.136874
5.836	0.136874
5.838	0.136874
5.84	0.136874
5.842	0.136874
5.844	0.136874
5.846	0.136874
5.848	0.136874
5.85	0.136874
5.852	0.136874
5.854	0.136874
5.856	0.136874
5.858	0.136874
5.86	0.136874
5.862	0.136874
5.864	0.136874
5.866	0.136874
5.868	0.136874
5.87	0.136874
5.872	0.136874
5.874	0.136874
5.876	0.136874
5.878	0.136874
5.88	0.136874
5.882	0.136874
5.884	0.136874
5.886	0.136874
5.888	0.136874
5.89	0.136874
5.892	0.136874
5.894	0.136874
5.896	0.136874
5.898	0.136874
5.9	0.136874
5.902	0.136874
5.904	0.136874
5.906	0.136874
5.908	0.136874
5.91	0.136874
5.912	0.136874
5.914	0.136874
5.916	0.136874
5.918	0.136874
5.92	0.136874
5.922	0.136874
5.924	0.136874
5.926	0.136874
5.928	0.136874
5.93	0.136874
5.932	0.136874
5.934	0.136874
5.936	0.136874
5.938	0.136874
5.94	0.136874
5.942	0.136874
5.944	0.136874
5.946	0.136874
5.948	0.136874
5.95	0.136874
5.952	0.136874
5.954	0.136874
5.956	0.136874
5.958	0.136874
5.96	0.136874
5.962	0.136874
5.964	0.136874
5.966	0.136874
5.968	0.136874
5.97	0.136874
5.972	0.136874
5.974	0.136874
5.976	0.136874
5.978	0.136874
5.98	0.136874
5.982	0.136874
5.984	0.136874
5.986	0.136874
5.988	0.136874
5.99	0.136874
5.992	0.136874
5.994	0.136874
5.996	0.136874
5.998	0.136874
6	0.136874
6.002	0.136874
6.004	0.136874
6.006	0.136874
6.008	0.136874
6.01	0.136874
6.012	0.136874
6.014	0.136874
6.016	0.136874
6.018	0.136874
6.02	0.136874
6.022	0.136874
6.024	0.136874
6.026	0.136874
6.028	0.136874
6.03	0.136874
6.032	0.136874
6.034	0.136874
6.036	0.136874
6.038	0.136874
6.04	0.136874
6.042	0.136874
6.044	0.136874
6.046	0.136874
6.048	0.136874
6.05	0.136874
6.052	0.136874
6.054	0.136874
6.056	0.136874
6.058	0.136874
6.06	0.136874
6.062	0.136874
6.064	0.136874
6.066	0.136874
6.068	0.136874
6.07	0.136874
6.072	0.136874
6.074	0.136874
6.076	0.136874
6.078	0.136874
6.08	0.136874
6.082	0.136874
6.084	0.136874
6.086	0.136874
6.088	0.136874
6.09	0.136874
6.092	0.136874
6.094	0.136874
6.096	0.136874
6.098	0.136874
6.1	0.136874
6.102	0.136874
6.104	0.136874
6.106	0.136874
6.108	0.136874
6.11	0.136874
6.112	0.136874
6.114	0.136874
6.116	0.136874
6.118	0.136874
6.12	0.136874
6.122	0.136874
6.124	0.136874
6.126	0.136874
6.128	0.136874
6.13	0.136874
6.132	0.136874
6.134	0.136874
6.136	0.136874
6.138	0.136874
6.14	0.136874
6.142	0.136874
6.144	0.136874
6.146	0.136874
6.148	0.136874
6.15	0.136874
6.152	0.136874
6.154	0.136874
6.156	0.136874
6.158	0.136874
6.16	0.136874
6.162	0.136874
6.164	0.136874
6.166	0.136874
6.168	0.136874
6.17	0.136874
6.172	0.136874
6.174	0.136874
6.176	0.136874
6.178	0.136874
6.18	0.136874
6.182	0.136874
6.184	0.136874
6.186	0.136874
6.188	0.136874
6.19	0.136874
6.192	0.136874
6.194	0.136874
6.196	0.136874
6.198	0.136874
6.2	0.136874
6.202	0.136874
6.204	0.136874
6.206	0.136874
6.208	0.136874
6.21	0.136874
6.212	0.136874
6.214	0.136874
6.216	0.136874
6.218	0.136874
6.22	0.136874
6.222	0.136874
6.224	0.136874
6.226	0.136874
6.228	0.136874
6.23	0.136874
6.232	0.136874
6.234	0.136874
6.236	0.136874
6.238	0.136874
6.24	0.136874
6.242	0.136874
6.244	0.136874
6.246	0.136874
6.248	0.136874
6.25	0.136874
6.252	0.136874
6.254	0.136874
6.256	0.136874
6.258	0.136874
6.26	0.136874
6.262	0.136874
6.264	0.136874
6.266	0.136874
6.268	0.136874
6.27	0.136874
6.272	0.136874
6.274	0.136874
6.276	0.136874
6.278	0.136874
6.28	0.136874
6.282	0.136874
6.284	0.136874
6.286	0.136874
6.288	0.136874
6.29	0.136874
6.292	0.136874
6.294	0.136874
6.296	0.136874
6.298	0.136874
6.3	0.136874
6.302	0.136874
6.304	0.136874
6.306	0.136874
6.308	0.136874
6.31	0.136874
6.312	0.136874
6.314	0.136874
6.316	0.136874
6.318	0.136874
6.32	0.136874
6.322	0.136874
6.324	0.136874
6.326	0.136874
6.328	0.136874
6.33	0.136874
6.332	0.136874
6.334	0.136874
6.336	0.136874
6.338	0.136874
6.34	0.136874
6.342	0.136874
6.344	0.136874
6.346	0.136874
6.348	0.136874
6.35	0.136874
6.352	0.136874
6.354	0.136874
6.356	0.136874
6.358	0.136874
6.36	0.136874
6.362	0.136874
6.364	0.136874
6.366	0.136874
6.368	0.136874
6.37	0.136874
6.372	0.136874
6.374	0.136874
6.376	0.136874
6.378	0.136874
6.38	0.136874
6.382	0.136874
6.384	0.136874
6.386	0.136874
6.388	0.136874
6.39	0.136874
6.392	0.136874
6.394	0.136874
6.396	0.136874
6.398	0.136874
6.4	0.136874
6.402	0.136874
6.404	0.136874
6.406	0.136874
6.408	0.136874
6.41	0.136874
6.412	0.136874
6.414	0.136874
6.416	0.136874
6.418	0.136874
6.42	0.136874
6.422	0.136874
6.424	0.136874
6.426	0.136874
6.428	0.136874
6.43	0.136874
6.432	0.136874
6.434	0.136874
6.436	0.136874
6.438	0.136874
6.44	0.136874
6.442	0.136874
6.444	0.136874
6.446	0.136874
6.448	0.136874
6.45	0.136874
6.452	0.136874
6.454	0.136874
6.456	0.136874
6.458	0.136874
6.46	0.136874
6.462	0.136874
6.464	0.136874
6.466	0.136874
6.468	0.136874
6.47	0.136874
6.472	0.136874
6.474	0.136874
6.476	0.136874
6.478	0.136874
6.48	0.136874
6.482	0.136874
6.484	0.136874
6.486	0.136874
6.488	0.136874
6.49	0.136874
6.492	0.136874
6.494	0.136874
6.496	0.136874
6.498	0.136874
6.5	0.136874
6.502	0.136874
6.504	0.136874
6.506	0.136874
6.508	0.136874
6.51	0.136874
6.512	0.136874
6.514	0.136874
6.516	0.136874
6.518	0.136874
6.52	0.136874
6.522	0.136874
6.524	0.136874
6.526	0.136874
6.528	0.136874
6.53	0.136874
6.532	0.136874
6.534	0.136874
6.536	0.136874
6.538	0.136874
6.54	0.136874
6.542	0.136874
6.544	0.136874
6.546	0.136874
6.548	0.136874
6.55	0.136874
6.552	0.136874
6.554	0.136874
6.556	0.136874
6.558	0.136874
6.56	0.136874
6.562	0.136874
6.564	0.136874
6.566	0.136874
6.568	0.136874
6.57	0.136874
6.572	0.136874
6.574	0.136874
6.576	0.136874
6.578	0.136874
6.58	0.136874
6.582	0.136874
6.584	0.136874
6.586	0.136874
6.588	0.136874
6.59	0.136874
6.592	0.136874
6.594	0.136874
6.596	0.136874
6.598	0.136874
6.6	0.136874
6.602	0.136874
6.604	0.136874
6.606	0.136874
6.608	0.136874
6.61	0.136874
6.612	0.136874
6.614	0.136874
6.616	0.136874
6.618	0.136874
6.62	0.136874
6.622	0.136874
6.624	0.136874
6.626	0.136874
6.628	0.136874
6.63	0.136874
6.632	0.136874
6.634	0.136874
6.636	0.136874
6.638	0.136874
6.64	0.136874
6.642	0.136874
6.644	0.136874
6.646	0.136874
6.648	0.136874
6.65	0.136874
6.652	0.136874
6.654	0.136874
6.656	0.136874
6.658	0.136874
6.66	0.136874
6.662	0.136874
6.664	0.136874
6.666	0.136874
6.668	0.136874
6.67	0.136874
6.672	0.136874
6.674	0.136874
6.676	0.136874
6.678	0.136874
6.68	0.136874
6.682	0.136874
6.684	0.136874
6.686	0.136874
6.688	0.136874
6.69	0.136874
6.692	0.136874
6.694	0.136874
6.696	0.136874
6.698	0.136874
6.7	0.136874
6.702	0.136874
6.704	0.136874
6.706	0.136874
6.708	0.136874
6.71	0.136874
6.712	0.136874
6.714	0.136874
6.716	0.136874
6.718	0.136874
6.72	0.136874
6.722	0.136874
6.724	0.136874
6.726	0.136874
6.728	0.136874
6.73	0.136874
6.732	0.136874
6.734	0.136874
6.736	0.136874
6.738	0.136874
6.74	0.136874
6.742	0.136874
6.744	0.136874
6.746	0.136874
6.748	0.136874
6.75	0.136874
6.752	0.136874
6.754	0.136874
6.756	0.136874
6.758	0.136874
6.76	0.136874
6.762	0.136874
6.764	0.136874
6.766	0.136874
6.768	0.136874
6.77	0.136874
6.772	0.136874
6.774	0.136874
6.776	0.136874
6.778	0.136874
6.78	0.136874
6.782	0.136874
6.784	0.136874
6.786	0.136874
6.788	0.136874
6.79	0.136874
6.792	0.136874
6.794	0.136874
6.796	0.136874
6.798	0.136874
6.8	0.136874
6.802	0.136874
6.804	0.136874
6.806	0.136874
6.808	0.136874
6.81	0.136874
6.812	0.136874
6.814	0.136874
6.816	0.136874
6.818	0.136874
6.82	0.136874
6.822	0.136874
6.824	0.136874
6.826	0.136874
6.828	0.136874
6.83	0.136874
6.832	0.136874
6.834	0.136874
6.836	0.136874
6.838	0.136874
6.84	0.136874
6.842	0.136874
6.844	0.136874
6.846	0.136874
6.848	0.136874
6.85	0.136874
6.852	0.136874
6.854	0.136874
6.856	0.136874
6.858	0.136874
6.86	0.136874
6.862	0.136874
6.864	0.136874
6.866	0.136874
6.868	0.136874
6.87	0.136874
6.872	0.136874
6.874	0.136874
6.876	0.136874
6.878	0.136874
6.88	0.136874
6.882	0.136874
6.884	0.136874
6.886	0.136874
6.888	0.136874
6.89	0.136874
6.892	0.136874
6.894	0.136874
6.896	0.136874
6.898	0.136874
6.9	0.136874
6.902	0.136874
6.904	0.136874
6.906	0.136874
6.908	0.136874
6.91	0.136874
6.912	0.136874
6.914	0.136874
6.916	0.136874
6.918	0.136874
6.92	0.136874
6.922	0.136874
6.924	0.136874
6.926	0.136874
6.928	0.136874
6.93	0.136874
6.932	0.136874
6.934	0.136874
6.936	0.136874
6.938	0.136874
6.94	0.136874
6.942	0.136874
6.944	0.136874
6.946	0.136874
6.948	0.136874
6.95	0.136874
6.952	0.136874
6.954	0.136874
6.956	0.136874
6.958	0.136874
6.96	0.136874
6.962	0.136874
6.964	0.136874
6.966	0.136874
6.968	0.136874
6.97	0.136874
6.972	0.136874
6.974	0.136874
6.976	0.136874
6.978	0.136874
6.98	0.136874
6.982	0.136874
6.984	0.136874
6.986	0.136874
6.988	0.136874
6.99	0.136874
6.992	0.136874
6.994	0.136874
6.996	0.136874
6.998	0.136874
7	0.136874
7.002	0.136874
7.004	0.136874
7.006	0.136874
7.008	0.136874
7.01	0.136874
7.012	0.136874
7.014	0.136874
7.016	0.136874
7.018	0.136874
7.02	0.136874
7.022	0.136874
7.024	0.136874
7.026	0.136874
7.028	0.136874
7.03	0.136874
7.032	0.136874
7.034	0.136874
7.036	0.136874
7.038	0.136874
7.04	0.136874
7.042	0.136874
7.044	0.136874
7.046	0.136874
7.048	0.136874
7.05	0.136874
7.052	0.136874
7.054	0.136874
7.056	0.136874
7.058	0.136874
7.06	0.136874
7.062	0.136874
7.064	0.136874
7.066	0.136874
7.068	0.136874
7.07	0.136874
7.072	0.136874
7.074	0.136874
7.076	0.136874
7.078	0.136874
7.08	0.136874
7.082	0.136874
7.084	0.136874
7.086	0.136874
7.088	0.136874
7.09	0.136874
7.092	0.136874
7.094	0.136874
7.096	0.136874
7.098	0.136874
7.1	0.136874
7.102	0.136874
7.104	0.136874
7.106	0.136874
7.108	0.136874
7.11	0.136874
7.112	0.136874
7.114	0.136874
7.116	0.136874
7.118	0.136874
7.12	0.136874
7.122	0.136874
7.124	0.136874
7.126	0.136874
7.128	0.136874
7.13	0.136874
7.132	0.136874
7.134	0.136874
7.136	0.136874
7.138	0.136874
7.14	0.136874
7.142	0.136874
7.144	0.136874
7.146	0.136874
7.148	0.136874
7.15	0.136874
7.152	0.136874
7.154	0.136874
7.156	0.136874
7.158	0.136874
7.16	0.136874
7.162	0.136874
7.164	0.136874
7.166	0.136874
7.168	0.136874
7.17	0.136874
7.172	0.136874
7.174	0.136874
7.176	0.136874
7.178	0.136874
7.18	0.136874
7.182	0.136874
7.184	0.136874
7.186	0.136874
7.188	0.136874
7.19	0.136874
7.192	0.136874
7.194	0.136874
7.196	0.136874
7.198	0.136874
7.2	0.136874
7.202	0.136874
7.204	0.136874
7.206	0.136874
7.208	0.136874
7.21	0.136874
7.212	0.136874
7.214	0.136874
7.216	0.136874
7.218	0.136874
7.22	0.136874
7.222	0.136874
7.224	0.136874
7.226	0.136874
7.228	0.136874
7.23	0.136874
7.232	0.136874
7.234	0.136874
7.236	0.136874
7.238	0.136874
7.24	0.136874
7.242	0.136874
7.244	0.136874
7.246	0.136874
7.248	0.136874
7.25	0.136874
7.252	0.136874
7.254	0.136874
7.256	0.136874
7.258	0.136874
7.26	0.136874
7.262	0.136874
7.264	0.136874
7.266	0.136874
7.268	0.136874
7.27	0.136874
7.272	0.136874
7.274	0.136874
7.276	0.136874
7.278	0.136874
7.28	0.136874
7.282	0.136874
7.284	0.136874
7.286	0.136874
7.288	0.136874
7.29	0.136874
7.292	0.136874
7.294	0.136874
7.296	0.136874
7.298	0.136874
7.3	0.136874
7.302	0.136874
7.304	0.136874
7.306	0.136874
7.308	0.136874
7.31	0.136874
7.312	0.136874
7.314	0.136874
7.316	0.136874
7.318	0.136874
7.32	0.136874
7.322	0.136874
7.324	0.136874
7.326	0.136874
7.328	0.136874
7.33	0.136874
7.332	0.136874
7.334	0.136874
7.336	0.136874
7.338	0.136874
7.34	0.136874
7.342	0.136874
7.344	0.136874
7.346	0.136874
7.348	0.136874
7.35	0.136874
7.352	0.136874
7.354	0.136874
7.356	0.136874
7.358	0.136874
7.36	0.136874
7.362	0.136874
7.364	0.136874
7.366	0.136874
7.368	0.136874
7.37	0.136874
7.372	0.136874
7.374	0.136874
7.376	0.136874
7.378	0.136874
7.38	0.136874
7.382	0.136874
7.384	0.136874
7.386	0.136874
7.388	0.136874
7.39	0.136874
7.392	0.136874
7.394	0.136874
7.396	0.136874
7.398	0.136874
7.4	0.136874
7.402	0.136874
7.404	0.136874
7.406	0.136874
7.408	0.136874
7.41	0.136874
7.412	0.136874
7.414	0.136874
7.416	0.136874
7.418	0.136874
7.42	0.136874
7.422	0.136874
7.424	0.136874
7.426	0.136874
7.428	0.136874
7.43	0.136874
7.432	0.136874
7.434	0.136874
7.436	0.136874
7.438	0.136874
7.44	0.136874
7.442	0.136874
7.444	0.136874
7.446	0.136874
7.448	0.136874
7.45	0.136874
7.452	0.136874
7.454	0.136874
7.456	0.136874
7.458	0.136874
7.46	0.136874
7.462	0.136874
7.464	0.136874
7.466	0.136874
7.468	0.136874
7.47	0.136874
7.472	0.136874
7.474	0.136874
7.476	0.136874
7.478	0.136874
7.48	0.136874
7.482	0.136874
7.484	0.136874
7.486	0.136874
7.488	0.136874
7.49	0.136874
7.492	0.136874
7.494	0.136874
7.496	0.136874
7.498	0.136874
7.5	0.136874
7.502	0.136874
7.504	0.136874
7.506	0.136874
7.508	0.136874
7.51	0.136874
7.512	0.136874
7.514	0.136874
7.516	0.136874
7.518	0.136874
7.52	0.136874
7.522	0.136874
7.524	0.136874
7.526	0.136874
7.528	0.136874
7.53	0.136874
7.532	0.136874
7.534	0.136874
7.536	0.136874
7.538	0.136874
7.54	0.136874
7.542	0.136874
7.544	0.136874
7.546	0.136874
7.548	0.136874
7.55	0.136874
7.552	0.136874
7.554	0.136874
7.556	0.136874
7.558	0.136874
7.56	0.136874
7.562	0.136874
7.564	0.136874
7.566	0.136874
7.568	0.136874
7.57	0.136874
7.572	0.136874
7.574	0.136874
7.576	0.136874
7.578	0.136874
7.58	0.136874
7.582	0.136874
7.584	0.136874
7.586	0.136874
7.588	0.136874
7.59	0.136874
7.592	0.136874
7.594	0.136874
7.596	0.136874
7.598	0.136874
7.6	0.136874
7.602	0.136874
7.604	0.136874
7.606	0.136874
7.608	0.136874
7.61	0.136874
7.612	0.136874
7.614	0.136874
7.616	0.136874
7.618	0.136874
7.62	0.136874
7.622	0.136874
7.624	0.136874
7.626	0.136874
7.628	0.136874
7.63	0.136874
7.632	0.136874
7.634	0.136874
7.636	0.136874
7.638	0.136874
7.64	0.136874
7.642	0.136874
7.644	0.136874
7.646	0.136874
7.648	0.136874
7.65	0.136874
7.652	0.136874
7.654	0.136874
7.656	0.136874
7.658	0.136874
7.66	0.136874
7.662	0.136874
7.664	0.136874
7.666	0.136874
7.668	0.136874
7.67	0.136874
7.672	0.136874
7.674	0.136874
7.676	0.136874
7.678	0.136874
7.68	0.136874
7.682	0.136874
7.684	0.136874
7.686	0.136874
7.688	0.136874
7.69	0.136874
7.692	0.136874
7.694	0.136874
7.696	0.136874
7.698	0.136874
7.7	0.136874
7.702	0.136874
7.704	0.136874
7.706	0.136874
7.708	0.136874
7.71	0.136874
7.712	0.136874
7.714	0.136874
7.716	0.136874
7.718	0.136874
7.72	0.136874
7.722	0.136874
7.724	0.136874
7.726	0.136874
7.728	0.136874
7.73	0.136874
7.732	0.136874
7.734	0.136874
7.736	0.136874
7.738	0.136874
7.74	0.136874
7.742	0.136874
7.744	0.136874
7.746	0.136874
7.748	0.136874
7.75	0.136874
7.752	0.136874
7.754	0.136874
7.756	0.136874
7.758	0.136874
7.76	0.136874
7.762	0.136874
7.764	0.136874
7.766	0.136874
7.768	0.136874
7.77	0.136874
7.772	0.136874
7.774	0.136874
7.776	0.136874
7.778	0.136874
7.78	0.136874
7.782	0.136874
7.784	0.136874
7.786	0.136874
7.788	0.136874
7.79	0.136874
7.792	0.136874
7.794	0.136874
7.796	0.136874
7.798	0.136874
7.8	0.136874
7.802	0.136874
7.804	0.136874
7.806	0.136874
7.808	0.136874
7.81	0.136874
7.812	0.136874
7.814	0.136874
7.816	0.136874
7.818	0.136874
7.82	0.136874
7.822	0.136874
7.824	0.136874
7.826	0.136874
7.828	0.136874
7.83	0.136874
7.832	0.136874
7.834	0.136874
7.836	0.136874
7.838	0.136874
7.84	0.136874
7.842	0.136874
7.844	0.136874
7.846	0.136874
7.848	0.136874
7.85	0.136874
7.852	0.136874
7.854	0.136874
7.856	0.136874
7.858	0.136874
7.86	0.136874
7.862	0.136874
7.864	0.136874
7.866	0.136874
7.868	0.136874
7.87	0.136874
7.872	0.136874
7.874	0.136874
7.876	0.136874
7.878	0.136874
7.88	0.136874
7.882	0.136874
7.884	0.136874
7.886	0.136874
7.888	0.136874
7.89	0.136874
7.892	0.136874
7.894	0.136874
7.896	0.136874
7.898	0.136874
7.9	0.136874
7.902	0.136874
7.904	0.136874
7.906	0.136874
7.908	0.136874
7.91	0.136874
7.912	0.136874
7.914	0.136874
7.916	0.136874
7.918	0.136874
7.92	0.136874
7.922	0.136874
7.924	0.136874
7.926	0.136874
7.928	0.136874
7.93	0.136874
7.932	0.136874
7.934	0.136874
7.936	0.136874
7.938	0.136874
7.94	0.136874
7.942	0.136874
7.944	0.136874
7.946	0.136874
7.948	0.136874
7.95	0.136874
7.952	0.136874
7.954	0.136874
7.956	0.136874
7.958	0.136874
7.96	0.136874
7.962	0.136874
7.964	0.136874
7.966	0.136874
7.968	0.136874
7.97	0.136874
7.972	0.136874
7.974	0.136874
7.976	0.136874
7.978	0.136874
7.98	0.136874
7.982	0.136874
7.984	0.136874
7.986	0.136874
7.988	0.136874
7.99	0.136874
7.992	0.136874
7.994	0.136874
7.996	0.136874
7.998	0.136874
8	0.136874
