100.4366 29.1600
103.9862 31.6101
110.4227 36.8392
116.0384 42.4225
120.8050 48.3151
124.6941 54.4722
127.6776 60.8489
129.7269 67.4004
130.8139 74.0818
130.9457 77.4598
130.9099 80.8368
130.0128 87.5056
128.1494 94.0322
125.3468 100.3722
121.6321 106.4810
117.0322 112.3141
111.5743 117.8271
105.2854 122.9754
101.8048 125.3810
98.2046 127.7066
90.4994 131.9086
77.9949 137.2377
59.7096 142.2019
40.1736 144.6920
30.0842 144.8519
19.9885 144.5638
0.3781 141.8252
-18.0516 136.6280
-30.7100 131.1391
-38.5360 126.8385
-42.2031 124.4668
-45.7527 122.0166
-52.1891 116.7875
-57.8048 111.2042
-62.5714 105.3116
-66.4606 99.1546
-69.4440 92.7779
-71.4934 86.2264
-72.5803 79.5450
-72.7122 76.1669
-72.6764 72.7900
-71.7793 66.1211
-69.9159 59.5945
-67.1133 53.2545
-63.3985 47.1457
-58.7986 41.3126
-53.3407 35.7996
-47.0518 30.6513
-43.5713 28.2458
-39.9710 25.9202
-32.2659 21.7181
-19.7614 16.3890
-1.4761 11.4249
18.0599 8.9348
28.1493 8.7748
38.2450 9.0629
57.8554 11.8015
76.2852 16.9988
88.9435 22.4876
96.7696 26.7882
100.4366 29.1600
