12.5991 -137.2655
17.0111 -133.0794
24.0811 -123.6421
27.8537 -115.8639
29.6884 -110.4488
30.9211 -104.8777
31.5343 -99.1885
31.5760 -96.3090
31.5102 -93.4291
30.8495 -87.7358
29.5702 -82.1564
27.6902 -76.7291
23.8525 -68.9259
16.7035 -59.4417
12.2563 -55.2265
7.5059 -51.2805
-3.1826 -44.9369
-14.9866 -40.5663
-27.5624 -38.2960
-34.0428 -38.0836
-40.5217 -38.2533
-53.0788 -40.4410
-64.8467 -44.7341
-75.4824 -51.0075
-80.2000 -54.9224
-84.6121 -59.1085
-91.6821 -68.5458
-95.4546 -76.3240
-97.2893 -81.7391
-98.5221 -87.3102
-99.1352 -92.9994
-99.1770 -95.8789
-99.1111 -98.7588
-98.4505 -104.4521
-97.1711 -110.0315
-95.2911 -115.4588
-91.4535 -123.2620
-84.3044 -132.7462
-79.8573 -136.9614
-75.1068 -140.9074
-64.4184 -147.2510
-52.6143 -151.6216
-40.0386 -153.8919
-33.5581 -154.1043
-27.0793 -153.9346
-14.5221 -151.7469
-2.7543 -147.4538
7.8815 -141.1804
12.5991 -137.2655
